Order:
Angle
Non
Standing
T-pose
Warrior_1
Warrior_2

Training K-Nearest Neighbour 5
Accuracy: 44.37%
Confusion Matrix: 
 [[2443   11  259  113  438  520]
 [ 115   85  114   31  171   32]
 [ 305   29 1291  173 1167  863]
 [ 527   19  440 1406  611 1802]
 [ 222    2   83  247 2484 1749]
 [ 717    3  386  578  754 2245]]
  
Training K-Nearest Neighbour 10
Accuracy: 41.31%
Confusion Matrix: 
 [[2339    8  213   71  474  679]
 [ 106   53  120   25  189   55]
 [ 282   14 1135  102 1255 1040]
 [ 494    7  406 1231  631 2036]
 [ 221    1   49  177 2213 2126]
 [ 659    1  358  572  796 2297]]
  
Training K-Nearest Neighbour 15
Accuracy: 39.67%
Confusion Matrix: 
 [[2240    3  196   51  514  780]
 [ 113   44  109   20  188   74]
 [ 264   12 1039   81 1300 1132]
 [ 466    5  377 1072  667 2218]
 [ 208    0   34  136 2079 2330]
 [ 609    0  313  501  834 2426]]
  
Training Decision Tree
Accuracy: 64.06%
Confusion Matrix: 
 [[2532   95  208  251  223  475]
 [  84  230   66   43   57   68]
 [ 201   72 2595  368  317  275]
 [ 260   54  381 2950  414  746]
 [ 217   51  283  383 3377  476]
 [ 420   57  293  720  505 2688]]
  
Training Random Forest
Accuracy: 79.20%
Confusion Matrix: 
 [[3246    3  110  146  170  109]
 [ 164  180   83   51   42   28]
 [  83    3 3173  280  189  100]
 [ 124    0  255 3914  202  310]
 [ 106    2  137  332 4097  113]
 [ 394    0  140  627  363 3159]]
